ElecCall/N32E118_100.asc
ncols         100
nrows         100
xllcorner     117.9995833333
yllcorner     32.0004166667
cellsize      0.00999999999999995
nodata_value  -9999.0
[rows 0 to 52 of 100, columns 0 to 95 of 100]
40 30 46 46 46 35 28 25 22 21 21 23 19 74 41 27 20 29 23 14 13 13 16 17 27 20 20 19 16 21 16 18 16 18 17 17 21 20 18 14 15 16 16 18 20 26 32 17 51 102 68 40 47 43 38 34 31 29 31 31 26 21 21 20 21 20 21 24 25 22 23 26 36 37 35 33 32 27 23 19 17 20 25 25 25 23 21 22 17 14 19 21 18 19 22 24
30 23 42 45 44 30 32 22 21 20 22 21 24 27 28 33 24 27 27 19 17 14 15 17 27 21 20 21 15 19 18 19 16 15 18 19 20 19 17 19 26 15 20 21 24 16 18 25 25 46 42 37 44 47 42 39 36 31 33 28 22 24 22 21 25 22 23 26 30 30 23 27 35 41 40 35 31 26 22 19 21 23 27 49 61 26 25 23 20 18 21 21 22 23 27 27
29 26 37 40 46 30 32 24 20 22 23 26 32 28 33 36 39 35 27 20 21 37 16 16 17 -9999.0 20 17 -9999.0 24 18 17 17 19 19 15 17 16 18 19 20 22 24 23 19 33 16 21 18 57 29 40 45 48 41 45 34 34 32 27 25 22 26 27 24 25 27 28 33 36 29 27 34 39 36 33 30 24 23 21 27 27 34 52 66 32 27 23 28 18 26 23 20 26 30 29
43 32 28 33 33 30 21 22 22 22 22 20 30 29 41 43 39 33 30 -9999.0 -9999.0 26 22 22 15 18 19 40 17 21 -9999.0 34 19 17 14 16 22 24 22 18 24 23 22 22 19 25 29 34 80 89 43 41 47 40 37 33 30 25 25 24 26 24 27 31 24 26 30 33 36 37 34 34 36 39 33 30 25 25 27 25 29 42 53 37 36 30 30 30 25 21 27 27 26 27 30 25
50 44 39 26 27 20 21 20 20 25 20 26 35 41 37 41 30 26 30 26 32 29 25 -9999.0 15 16 15 15 15 14 25 -9999.0 37 26 23 24 15 21 25 34 60 65 26 26 20 22 30 53 97 83 49 45 40 35 38 29 27 26 27 28 27 28 32 34 28 24 30 36 40 38 33 39 41 40 32 29 29 31 30 27 30 40 40 41 41 37 33 27 26 27 29 31 29 31 29 24
46 35 44 35 25 24 26 24 19 25 33 34 46 39 31 30 31 26 20 21 27 26 27 19 21 17 20 23 25 30 21 14 15 15 16 22 21 20 23 53 123 125 46 113 66 23 35 66 91 103 47 42 37 35 33 27 33 68 43 34 37 43 46 40 35 26 28 34 41 43 44 47 44 38 37 36 35 35 37 31 37 40 38 36 39 40 33 33 30 31 33 34 35 31 27 22
36 34 27 26 21 25 20 28 31 36 47 50 47 44 33 23 22 21 23 20 17 24 25 26 18 32 25 22 24 25 13 13 12 13 17 18 18 20 27 85 149 149 164 167 76 23 35 49 78 54 63 49 42 37 34 30 39 75 53 57 62 48 49 40 39 34 29 29 35 41 45 51 47 45 42 41 38 43 42 43 39 40 37 33 37 33 29 29 27 28 32 33 35 35 29 29
26 28 24 20 22 22 -9999.0 30 49 51 52 47 41 43 41 32 27 29 26 24 22 20 22 -9999.0 27 25 30 25 24 20 16 13 13 15 19 19 32 52 162 167 170 174 164 162 71 38 46 48 74 59 52 42 40 39 41 44 38 44 39 46 75 46 46 45 36 39 35 30 31 40 45 52 52 50 50 50 46 45 41 44 39 33 31 34 34 32 31 25 23 25 28 29 32 24 29 27
33 20 23 21 24 22 34 44 51 45 39 38 38 37 35 36 33 27 25 29 21 18 32 24 23 29 25 28 21 25 21 13 15 15 18 54 156 167 187 193 171 186 172 90 70 42 56 81 90 71 51 45 61 41 38 40 42 44 38 46 51 51 48 45 41 40 32 38 38 39 46 52 54 46 49 47 47 42 39 38 39 34 32 33 31 31 32 30 26 19 26 24 28 26 23 24
22 22 21 23 -9999.0 23 30 40 45 42 43 37 34 30 31 27 30 24 25 -9999.0 23 25 20 22 29 29 29 27 31 30 24 17 21 29 28 39 98 159 155 172 171 185 173 102 51 90 133 139 127 78 51 59 52 43 39 43 41 41 35 39 48 54 46 45 46 41 40 40 43 45 51 53 47 42 43 44 47 41 36 34 37 36 32 36 28 24 27 28 25 19 22 20 24 24 20 17
20 27 26 28 30 34 38 44 42 42 40 39 40 32 25 27 25 20 19 21 23 29 20 21 26 26 35 64 83 38 30 41 47 85 132 122 132 165 121 108 110 121 89 78 57 115 128 114 109 64 57 54 48 44 40 44 40 43 39 40 49 76 63 50 62 56 44 47 50 53 55 51 46 46 40 40 40 38 36 29 31 30 36 37 29 22 20 19 18 17 17 17 20 22 17 16
20 -9999.0 21 28 44 46 46 43 36 36 33 33 31 31 30 26 28 22 26 25 26 27 -9999.0 17 -9999.0 24 73 188 153 69 155 173 163 157 141 121 153 158 149 153 166 168 165 137 130 141 132 135 94 58 58 50 50 45 40 37 35 42 47 46 48 72 70 83 69 64 62 61 53 51 51 46 45 46 47 40 37 34 34 31 30 31 30 32 23 25 23 23 20 19 18 13 14 13 12 13
26 -9999.0 20 28 45 54 44 37 31 26 21 23 20 21 18 25 -9999.0 19 -9999.0 17 25 28 24 17 17 31 97 147 72 48 108 169 174 150 83 70 128 132 138 152 157 108 138 143 104 87 99 102 101 76 54 49 44 43 42 39 38 43 62 54 78 79 70 64 70 69 60 56 50 46 46 43 43 42 37 39 40 39 39 41 35 34 33 31 28 27 27 21 20 16 15 14 15 14 13 11
49 46 25 28 36 45 46 42 39 25 35 40 33 34 21 23 -9999.0 27 -9999.0 18 37 79 39 14 23 25 25 67 61 70 124 152 165 153 46 113 112 81 120 120 168 151 101 135 85 75 -9999.0 -9999.0 100 58 55 54 53 51 46 41 40 44 66 118 119 105 76 75 61 63 64 51 52 47 43 38 37 36 35 33 33 33 35 35 34 31 28 26 23 21 21 18 19 19 16 17 16 15 16 13
73 52 31 33 42 41 40 37 33 30 41 42 39 36 30 26 24 28 27 22 32 87 138 32 15 17 56 129 128 69 117 113 108 99 113 37 83 57 101 166 194 192 153 145 76 61 101 108 118 65 52 46 44 48 42 42 43 48 91 105 117 119 110 114 81 63 48 44 52 54 47 39 37 33 36 32 30 29 29 29 34 34 34 22 21 20 19 20 19 19 27 26 23 21 22 18
80 28 21 30 43 42 36 36 29 22 37 44 49 44 41 33 30 19 22 34 41 99 164 59 15 22 25 70 54 136 134 54 67 83 45 32 136 141 150 167 166 140 121 102 113 78 134 151 144 106 121 103 56 45 42 46 47 77 79 112 116 122 110 102 81 70 57 51 50 60 49 39 46 45 40 41 41 37 31 29 35 39 40 26 28 28 30 32 33 30 35 30 27 28 24 19
29 19 22 34 42 48 40 39 34 31 27 41 49 47 34 32 22 20 27 54 151 166 176 69 16 25 25 20 18 27 24 24 31 30 33 63 121 145 159 168 163 149 130 119 131 147 146 129 124 132 126 82 84 51 46 67 70 56 83 107 120 111 93 98 93 65 57 53 48 52 51 50 50 45 50 46 42 36 38 35 35 35 37 37 33 35 33 35 33 30 33 34 35 33 24 26
-9999.0 24 36 34 45 47 45 37 44 40 25 36 46 47 46 42 29 27 34 88 139 172 180 167 28 19 41 40 33 142 99 22 34 118 49 37 94 136 161 161 158 110 121 154 171 167 127 91 82 106 -9999.0 73 94 65 50 67 72 64 76 85 114 88 63 68 64 58 53 49 55 61 59 54 52 51 49 49 43 46 46 43 40 41 40 39 40 35 30 29 31 25 29 28 33 33 35 29
21 28 36 39 48 46 39 47 50 41 28 33 40 47 50 40 30 34 37 46 90 133 61 70 24 35 129 133 137 129 99 22 27 118 141 118 161 183 158 117 105 108 148 164 154 172 154 133 130 135 133 121 124 122 101 58 85 63 54 81 81 86 86 72 60 54 52 50 52 54 54 -9999.0 53 53 51 50 50 46 43 38 35 35 38 38 37 34 33 31 26 24 24 24 30 28 26 36
19 28 33 38 47 46 45 54 55 47 28 31 34 39 48 46 40 32 41 47 42 38 33 29 21 35 67 154 159 164 136 35 23 37 159 171 179 195 153 78 131 125 142 147 163 169 144 142 117 93 137 134 122 110 117 58 58 58 52 75 84 56 58 69 62 57 58 54 49 48 48 45 48 51 -9999.0 51 45 46 45 40 35 32 35 34 29 30 29 29 24 22 35 21 25 23 24 20
23 36 44 48 55 52 52 58 50 46 31 44 48 39 40 47 49 48 50 52 46 42 28 43 26 30 56 96 117 140 33 23 113 102 33 41 96 152 142 139 142 138 145 148 168 167 162 127 126 67 140 141 142 116 110 61 51 52 49 53 58 47 52 56 67 88 65 60 52 49 42 41 47 48 49 43 40 40 41 39 39 34 29 30 28 27 23 25 25 23 21 17 19 17 19 19
33 35 43 40 53 55 60 58 50 40 33 42 52 51 46 42 48 59 62 54 43 46 44 44 30 34 47 45 33 28 106 142 53 105 129 99 100 89 54 106 129 140 160 164 145 166 160 154 139 -9999.0 84 66 65 69 102 64 52 48 45 44 50 49 48 50 58 71 69 56 60 50 46 40 43 42 44 45 43 39 34 36 38 35 34 29 28 36 22 21 19 17 17 18 17 14 16 14
28 29 34 41 51 59 55 51 46 39 35 45 51 52 52 52 44 51 58 55 54 48 72 78 32 38 47 40 33 45 106 139 128 150 130 127 123 122 97 96 138 145 124 146 170 114 167 123 84 104 85 65 51 53 56 70 58 56 49 45 44 44 44 55 54 64 64 56 49 45 45 42 34 36 40 43 43 42 39 33 34 31 29 28 28 29 26 25 22 20 19 16 15 13 12 11
35 34 36 44 48 55 56 48 44 45 38 47 52 59 61 56 55 61 55 60 61 53 72 110 70 61 54 41 40 81 91 170 171 163 54 111 140 118 98 80 127 114 131 180 177 179 180 174 88 132 132 94 59 55 46 51 65 60 52 46 35 34 63 60 46 49 42 44 43 44 42 -9999.0 39 32 36 39 41 42 41 38 33 33 35 31 33 33 29 27 25 23 23 23 18 20 17 15
24 26 34 36 46 58 57 58 55 57 55 56 55 57 64 69 65 72 61 67 63 57 87 214 242 159 60 47 34 65 76 156 123 154 63 97 171 160 61 49 167 160 82 189 184 144 135 142 152 163 142 126 63 56 48 44 49 70 60 49 47 44 34 41 41 46 40 39 37 38 45 46 41 36 31 34 35 43 44 40 39 41 37 37 34 33 30 30 26 25 23 22 21 21 21 20
24 28 32 43 48 52 62 62 53 -9999.0 61 51 54 57 58 69 72 80 75 81 82 105 100 206 232 193 49 39 53 54 108 127 120 104 143 159 178 98 63 99 166 155 162 195 192 174 181 117 169 171 109 83 56 62 94 61 51 41 45 45 41 47 39 35 34 36 40 38 33 38 36 40 38 38 32 30 35 37 39 37 34 36 35 29 27 27 28 24 21 20 19 21 21 17 17 17
41 43 45 44 49 61 62 56 49 57 62 63 70 82 69 63 73 84 90 95 86 75 123 175 125 69 57 -9999.0 87 73 87 107 145 141 182 190 180 190 175 168 171 163 148 194 195 189 180 171 177 158 120 77 98 102 138 130 119 95 63 55 69 46 58 39 35 31 34 35 -9999.0 -9999.0 33 34 38 37 32 27 31 34 39 33 30 29 29 28 26 20 23 20 17 15 10 10 10 10 13 13
48 55 56 52 53 53 60 61 57 69 68 79 114 139 166 164 78 82 88 90 82 77 63 69 68 62 -9999.0 74 74 74 76 86 85 123 183 194 227 217 165 174 179 199 206 192 182 184 191 189 191 193 173 134 137 100 125 124 122 93 107 90 81 50 57 51 44 35 40 37 35 38 37 -9999.0 33 34 31 28 26 33 35 31 29 23 25 23 23 25 17 17 15 15 13 10 8 11 10 12
38 45 58 44 44 55 61 70 64 76 81 75 131 170 188 178 87 81 93 92 83 81 87 94 72 79 -9999.0 80 72 79 87 88 96 114 116 157 212 180 158 184 186 223 206 195 190 144 173 179 185 198 180 149 162 148 72 59 101 114 70 71 60 57 55 48 49 40 43 39 42 38 40 39 24 26 27 25 25 28 30 30 29 23 21 22 18 17 16 16 11 13 11 11 12 9 11 11
25 44 47 42 40 49 57 69 73 78 77 78 92 159 106 90 88 90 97 146 142 94 102 87 77 71 81 98 107 82 85 81 104 100 100 98 126 152 121 156 196 188 190 175 147 173 168 115 183 199 199 184 185 179 155 108 63 69 78 47 55 50 50 43 45 46 43 44 38 38 35 31 24 22 24 22 21 23 24 24 26 26 23 19 15 13 15 14 13 13 16 16 14 8 11 8
26 28 42 59 55 50 52 59 63 72 62 81 97 118 91 86 81 93 111 200 189 124 86 83 91 75 -9999.0 98 128 127 112 113 112 115 136 149 160 159 97 159 173 175 173 172 162 130 134 173 188 194 186 181 185 173 146 136 127 123 56 47 46 50 50 45 37 38 39 40 43 38 38 37 36 32 27 21 21 25 22 22 20 20 19 14 14 15 15 24 25 26 29 22 21 15 11 8
36 39 55 71 78 62 57 44 61 58 69 75 83 100 91 90 96 88 119 172 180 124 117 101 91 88 75 65 79 91 114 117 191 182 183 185 158 115 79 88 171 175 172 102 81 110 160 147 169 162 127 133 94 124 103 84 106 103 72 43 42 46 48 45 44 42 46 42 42 38 -9999.0 35 26 24 22 18 20 19 17 16 15 17 17 14 17 25 18 22 27 32 29 24 25 15 13 15
40 50 65 75 71 53 60 54 71 71 78 88 83 81 83 88 107 104 107 113 137 195 222 144 102 98 80 86 78 85 83 102 187 179 178 151 155 90 83 71 84 151 172 166 67 88 165 177 171 178 168 136 101 97 57 51 50 62 67 50 44 39 35 46 45 37 39 37 40 37 36 21 21 23 21 19 20 22 16 21 19 14 14 16 24 29 25 26 33 32 30 25 21 17 16 16
53 58 78 87 78 69 48 70 83 90 89 91 80 78 94 88 94 99 106 143 233 305 298 167 117 110 110 93 85 73 77 89 97 116 169 157 128 87 73 69 67 82 156 155 120 71 137 195 166 167 174 162 129 75 52 49 113 51 40 41 40 38 36 45 36 43 42 39 45 44 34 33 29 31 32 24 21 23 25 22 17 15 24 19 26 32 31 29 32 29 27 24 20 18 16 15
59 67 82 63 60 50 40 63 87 84 85 76 73 88 102 95 110 119 128 136 242 278 255 157 107 105 101 120 108 97 134 214 244 198 108 154 158 77 75 74 132 140 62 84 80 64 153 196 188 132 145 148 147 76 56 83 107 67 53 49 45 44 41 47 51 77 47 58 68 68 59 52 47 46 39 32 29 26 24 17 21 22 29 27 24 32 36 37 34 28 26 25 21 16 12 14
46 58 92 67 64 58 53 53 65 67 73 62 76 95 105 113 92 107 113 132 171 191 155 221 128 117 98 107 99 95 145 246 253 210 100 105 87 80 79 77 155 117 155 129 81 84 129 187 201 200 173 158 103 75 70 63 71 79 86 52 49 38 40 48 52 62 51 51 67 58 62 98 48 38 37 34 30 23 26 26 24 27 29 31 30 34 39 36 34 31 27 21 19 18 15 14
62 47 63 73 70 63 62 54 78 90 85 75 86 98 104 104 121 123 131 129 156 174 272 290 263 152 126 90 86 90 105 203 231 131 96 99 88 94 111 106 128 164 162 110 117 80 122 182 204 195 196 148 155 155 64 59 72 70 57 53 43 47 46 50 60 73 76 73 55 47 47 50 44 36 32 28 25 30 33 29 23 29 33 38 39 37 41 36 37 33 29 27 20 16 16 24
218 162 76 76 68 63 79 53 70 76 82 92 90 92 97 118 121 121 123 124 129 186 238 329 306 186 123 107 89 91 98 99 96 95 97 104 95 95 149 161 172 167 165 171 131 64 117 178 197 184 196 196 171 118 82 60 50 53 50 59 54 54 59 51 50 51 45 46 43 43 46 46 43 38 35 28 30 37 39 31 26 32 35 38 44 42 38 36 36 31 27 19 17 20 27 30
226 204 69 76 74 68 74 67 79 74 80 87 99 104 117 116 119 106 109 128 128 171 243 314 280 195 138 114 85 103 90 91 94 95 87 84 86 93 103 171 176 139 117 170 108 70 152 156 144 157 147 187 177 155 113 80 96 48 57 95 74 52 47 48 43 44 37 38 38 38 45 41 39 37 30 32 39 38 38 32 34 33 36 41 45 45 40 36 32 27 23 29 27 26 31 32
81 84 65 73 77 69 73 77 71 88 84 83 89 88 101 111 115 97 110 130 148 144 146 230 125 128 137 106 81 84 78 86 88 79 115 101 107 140 138 123 165 150 114 82 62 132 142 138 83 152 147 110 96 77 113 61 60 74 79 120 88 98 55 46 40 33 34 30 33 38 51 40 41 36 36 50 43 42 41 34 38 36 39 43 46 48 41 37 34 30 29 30 27 33 35 34
58 58 60 76 79 62 89 73 67 75 73 73 80 85 108 106 99 106 115 135 125 139 125 123 119 96 93 90 91 68 81 78 82 90 102 111 115 138 149 172 219 156 109 65 73 143 -9999.0 122 78 168 162 136 127 99 109 60 146 133 127 94 101 54 63 39 36 29 34 35 31 35 36 40 40 44 47 50 48 45 41 37 41 41 46 48 44 43 39 32 33 28 35 29 31 61 40 37
49 56 73 82 75 81 86 83 81 69 71 82 82 91 93 92 100 83 104 108 112 123 113 116 94 103 90 86 84 77 71 86 75 77 84 110 146 118 126 144 188 169 125 68 -9999.0 -9999.0 -9999.0 62 148 152 149 165 176 163 142 95 161 119 116 54 72 69 53 40 43 39 35 31 34 32 35 35 44 55 45 53 56 51 48 49 46 49 46 42 42 36 37 33 30 25 36 31 34 34 43 47
55 70 71 85 95 99 87 81 95 87 82 78 76 76 87 93 89 96 105 99 88 99 94 96 87 90 85 69 72 83 94 85 79 87 83 107 106 100 106 107 134 152 133 77 71 67 63 158 -9999.0 103 185 176 171 165 150 158 175 126 74 58 47 61 79 59 49 38 29 30 21 29 39 35 59 65 59 56 48 49 59 54 56 52 47 44 36 36 30 28 26 33 28 34 40 36 48 47
60 66 67 78 92 104 97 99 99 79 86 75 90 92 87 82 92 96 105 108 103 93 85 96 77 71 66 70 86 86 96 79 78 78 96 102 102 95 104 103 102 137 111 143 59 58 58 94 145 139 164 187 181 178 157 173 176 163 134 107 63 76 90 66 40 36 34 27 20 24 29 40 59 47 46 45 55 52 58 60 58 53 51 47 42 37 32 37 40 41 27 43 42 41 47 49
59 65 74 97 91 110 112 105 99 79 97 86 90 99 96 101 97 93 93 102 88 85 78 86 88 75 72 57 72 89 77 77 71 93 85 85 97 99 94 113 114 87 133 151 88 63 112 131 140 167 192 185 165 153 115 165 174 171 135 86 47 51 43 47 36 38 39 27 13 17 28 44 39 37 35 35 33 47 55 53 52 52 48 40 32 33 40 44 45 39 32 50 36 45 55 47
51 69 108 107 115 110 110 103 86 93 106 86 99 108 118 104 99 86 95 100 93 75 -9999.0 76 76 62 60 67 78 136 68 82 85 88 80 71 84 82 85 83 72 56 53 54 39 48 116 124 149 188 189 177 167 161 -9999.0 152 138 138 140 113 120 64 43 46 38 30 32 29 11 17 24 31 35 32 28 37 38 39 38 50 52 47 46 54 37 35 47 49 51 48 43 45 57 47 47 50
57 73 112 116 130 115 102 94 102 108 113 101 103 140 177 98 101 98 103 97 91 87 70 62 60 68 57 60 74 85 79 65 70 72 103 153 82 73 84 72 55 51 46 44 38 50 60 142 173 175 185 169 153 163 144 133 127 72 88 70 102 46 39 58 44 24 27 22 13 15 29 35 29 27 28 32 31 35 39 41 50 49 48 45 46 42 44 48 55 59 45 62 51 58 58 52
81 80 93 104 119 109 94 100 97 112 125 108 120 115 118 99 112 106 88 82 90 83 85 69 64 58 42 47 57 65 74 57 53 52 65 73 72 68 75 67 65 57 43 39 37 41 46 79 132 130 130 114 101 132 109 116 83 53 60 62 53 49 47 74 38 35 21 25 12 16 29 30 30 21 23 21 63 63 31 40 53 53 48 43 49 50 49 53 51 56 48 56 56 69 61 66
88 89 98 104 132 114 99 108 117 137 137 129 124 112 104 112 114 105 93 92 77 68 77 70 54 50 39 44 56 66 65 46 58 62 66 74 65 64 63 65 60 55 50 34 39 39 39 53 107 71 115 60 49 47 43 46 52 41 39 50 37 42 40 42 30 22 18 17 15 17 24 26 23 21 27 36 75 74 37 43 52 48 51 48 46 53 59 57 54 57 51 54 58 92 163 202
73 87 95 104 122 118 102 119 133 136 137 123 125 117 98 92 94 105 104 94 80 61 60 59 52 43 48 43 48 57 58 52 51 56 62 72 62 63 66 56 53 52 50 32 36 38 40 46 58 56 66 120 80 46 40 40 46 41 94 84 31 26 32 38 31 26 23 14 12 19 26 20 11 24 29 37 41 40 43 47 51 85 94 56 51 53 62 62 62 65 55 69 121 60 166 176
65 84 111 194 134 131 111 131 129 137 136 110 103 106 108 90 96 91 114 121 86 70 47 53 54 41 47 37 48 61 61 47 49 57 63 66 64 61 61 50 53 47 44 40 31 35 43 45 52 63 63 90 69 44 39 34 75 50 82 58 32 24 24 28 25 22 22 16 13 18 16 11 23 27 31 35 33 35 38 47 68 55 102 67 55 50 56 60 61 74 45 70 76 56 104 143
71 85 159 330 143 135 146 161 119 119 115 109 103 100 86 81 90 94 97 98 97 82 56 45 48 41 46 35 46 59 58 42 44 53 65 66 65 60 61 49 47 45 40 38 31 34 39 45 56 60 56 62 53 43 35 32 46 51 82 88 39 27 18 20 22 18 18 14 12 10 17 108 113 16 22 32 34 29 34 39 49 55 112 113 66 58 57 56 73 86 41 53 33 40 54 73
82 91 146 330 149 180 185 180 163 125 109 110 94 88 81 82 84 70 68 69 84 70 63 56 41 39 41 38 37 53 49 39 45 52 61 61 58 47 58 54 48 -9999.0 37 36 29 29 41 47 53 59 49 58 51 45 39 29 33 40 54 100 85 80 86 85 17 11 13 13 10 9 16 57 86 29 36 61 40 135 139 69 42 45 57 65 85 80 95 60 59 39 57 57 35 29 42 39
